24
0 0 0 
0 1 0 
1 0 0 
2 1 0 
4 4 0 
6 8 0 
6 9 0 
5 9 0 
4 8 0 
2 5 0 
0 0 1 
0 1 2 
0 6 5 
0 4 4 
2 2 1 
1 2 2 
6 12 2 
5 12 3 
1 8 5 
6 11 1 
3 8 1 
3 9 2 
4 11 3 
2 9 4 
24
0 0 0 
0 1 0 
1 0 0 
2 1 0 
3 3 0 
3 4 0 
2 4 0 
1 3 0 
0 0 1 
0 1 2 
4 4 1 
5 6 2 
1 3 3 
3 6 4 
4 7 4 
5 7 3 
4 8 1 
5 11 2 
6 13 3 
7 13 4 
7 14 4 
6 9 3 
3 7 4 
6 13 4 
24
0 0 0 
0 1 0 
1 0 0 
2 1 0 
3 3 0 
3 4 0 
2 4 0 
1 3 0 
0 0 1 
0 1 2 
4 4 1 
5 6 2 
1 3 3 
5 9 5 
6 10 5 
6 9 4 
4 8 1 
5 11 2 
7 15 4 
8 14 5 
8 16 5 
7 11 4 
5 11 5 
7 15 5 
24
0 0 0 
0 1 0 
1 0 0 
2 1 0 
3 3 0 
3 4 0 
2 4 0 
1 3 0 
0 0 1 
0 1 2 
4 4 1 
5 6 2 
2 5 4 
4 8 5 
6 10 5 
6 9 4 
4 8 1 
5 11 2 
7 15 4 
8 14 5 
8 16 5 
7 11 4 
4 9 5 
7 15 5 
24
0 0 0 
0 1 0 
1 0 0 
3 1 0 
6 3 0 
7 4 0 
6 4 0 
3 3 0 
1 2 0 
0 0 1 
2 0 1 
1 0 2 
2 0 2 
8 3 1 
11 4 2 
5 1 2 
10 5 1 
12 5 2 
8 5 1 
11 6 2 
12 6 2 
2 2 1 
5 3 2 
2 1 2 
24
0 0 0 
0 1 0 
2 0 0 
4 1 0 
7 4 0 
6 4 0 
3 3 0 
1 2 0 
0 0 1 
5 0 1 
7 0 2 
1 0 2 
3 0 3 
6 0 4 
10 0 5 
11 0 5 
10 0 4 
9 4 1 
11 2 3 
10 1 3 
8 4 1 
7 3 2 
7 2 3 
8 1 4 
24
0 0 0 
0 1 0 
1 0 0 
2 1 0 
3 3 0 
3 4 0 
2 4 0 
1 3 0 
0 0 1 
0 2 3 
0 3 2 
0 3 3 
2 3 2 
1 3 3 
4 6 1 
3 6 3 
4 8 3 
4 9 1 
5 13 2 
6 16 3 
6 15 3 
5 10 2 
1 6 3 
5 11 3 
24
0 0 0 
0 1 0 
1 0 0 
2 1 0 
2 2 0 
1 2 0 
0 0 1 
0 1 1 
2 0 1 
1 0 2 
2 0 2 
3 1 1 
3 3 1 
4 2 2 
4 3 2 
2 3 1 
1 2 2 
2 3 2 
3 1 4 
4 2 5 
3 3 4 
4 3 5 
5 3 4 
5 3 5 
24
0 0 0 
0 1 0 
1 0 0 
2 1 0 
2 2 0 
1 2 0 
0 0 1 
0 2 1 
0 2 2 
0 1 2 
1 0 1 
3 2 1 
2 1 2 
3 2 2 
3 3 1 
1 3 1 
2 4 2 
3 4 2 
1 3 3 
2 4 3 
1 2 3 
2 2 3 
3 3 3 
3 4 3 
24
0 0 0 
0 1 0 
1 0 0 
2 1 0 
2 2 0 
1 2 0 
0 0 1 
0 1 2 
0 3 1 
0 5 3 
0 3 3 
3 3 1 
1 3 3 
2 4 3 
3 4 2 
3 6 1 
4 9 2 
5 9 3 
5 11 3 
1 6 2 
4 11 3 
3 10 3 
1 7 3 
4 7 3 
24
0 0 0 
0 1 0 
1 0 0 
2 1 0 
3 3 0 
3 4 0 
2 4 0 
1 3 0 
0 0 1 
0 1 2 
3 3 1 
1 3 3 
2 4 3 
3 4 2 
7 11 2 
8 13 3 
7 11 3 
5 8 1 
2 5 1 
7 12 3 
4 8 2 
2 5 3 
5 8 3 
4 8 3 
24
0 0 0 
0 1 0 
1 0 0 
2 1 0 
2 2 0 
1 2 0 
0 0 1 
0 1 2 
0 3 1 
0 4 2 
0 4 3 
0 3 3 
3 3 1 
1 3 3 
2 4 3 
3 4 2 
3 6 1 
4 9 2 
5 9 3 
5 11 3 
1 6 2 
3 10 3 
4 11 3 
4 7 3 
24
0 0 0 
0 1 0 
1 0 0 
2 1 0 
2 2 0 
1 2 0 
0 0 1 
0 1 2 
0 3 1 
0 4 2 
0 4 3 
0 3 3 
3 3 1 
1 3 3 
2 4 3 
3 4 2 
3 6 1 
4 9 2 
5 9 3 
5 11 3 
2 9 3 
4 11 3 
1 7 3 
4 7 3 
24
0 0 0 
0 1 0 
1 0 0 
2 1 0 
2 2 0 
1 2 0 
0 0 1 
0 1 2 
0 3 1 
0 4 2 
0 4 3 
0 3 3 
3 3 1 
1 3 3 
2 4 3 
3 4 2 
3 6 1 
4 9 2 
5 10 3 
5 11 3 
4 6 2 
1 6 2 
3 10 3 
4 11 3 
24
0 0 0 
0 1 0 
1 0 0 
3 1 0 
4 2 0 
4 3 0 
3 3 0 
1 2 0 
0 0 1 
3 0 1 
4 0 2 
1 0 2 
3 0 3 
4 0 3 
6 3 1 
7 3 2 
6 1 3 
7 2 3 
3 3 1 
4 3 2 
7 3 3 
6 3 3 
3 1 3 
4 2 3 
24
0 0 0 
0 1 0 
2 0 0 
3 1 0 
5 5 0 
5 6 0 
3 6 0 
2 5 0 
0 0 1 
3 0 1 
4 0 3 
1 0 3 
2 0 4 
4 0 4 
6 6 1 
7 6 3 
5 1 4 
7 5 4 
3 6 1 
4 6 3 
7 6 4 
5 6 4 
2 1 4 
4 5 4 
24
0 0 0 
0 1 0 
1 0 0 
2 1 0 
2 4 0 
1 3 0 
0 0 1 
3 0 1 
5 0 3 
1 0 3 
3 0 5 
4 0 5 
5 0 4 
3 5 1 
7 2 5 
7 3 5 
6 4 4 
4 5 2 
2 4 1 
2 1 4 
3 1 5 
6 1 5 
5 3 5 
5 4 4 
